formatted_address,geometry,name,photos,place_id,rating,types,user_ratings_total
"Jalan Lingkarsut, Jeneponto, Makassar, Sulawesi Selatan 92311, Indonesia","{'location': {'lat': -5.6777498, 'lng': 119.7682904}, 'viewport': {'northeast': {'lat': -5.676231770107278, 'lng': 119.7694869298928}, 'southwest': {'lat': -5.678931429892723, 'lng': 119.7667872701073}}}",Collection O 91488 Hotel Lingkarsut Jeneponto,"[{'height': 2252, 'html_attributions': ['<a href=""https://maps.google.com/maps/contrib/106179074985902836525"">Zulkaisar Aimar Syah</a>'], 'photo_reference': 'AUGGfZmVzodlb8dbtFC-Yw-RSBaaUtKWyg137IiK81vKEQxel0ddVcNpNkIBd0_RGSqLkma9Owp-J4gizKcVPBDwpIwOIuoU4PQHYxjEgwxz0Y26ilhDLj4nCqcW-KofeUDk-BLptrdeRxrFiO4XGsyyFZGvePOYxROIcOmGLPb3IqMbpCKn', 'width': 4000}]",ChIJYUsiXHY3uS0R2WBK_MO5USQ,4.0,"['lodging', 'point_of_interest', 'establishment']",40
"Jl. Anggrek Hotel No.09, Empoang, Kec. Binamu, Kabupaten Jeneponto, Sulawesi Selatan 92311, Indonesia","{'location': {'lat': -5.679922299999999, 'lng': 119.7461446}, 'viewport': {'northeast': {'lat': -5.678554470107278, 'lng': 119.7474050298927}, 'southwest': {'lat': -5.681254129892721, 'lng': 119.7447053701073}}}",HOTEL BINAMU,"[{'height': 886, 'html_attributions': ['<a href=""https://maps.google.com/maps/contrib/107993341458557245919"">A Google User</a>'], 'photo_reference': 'AUGGfZmN_jURlzDPulCTm7O4iM4EycLGKDWFN_iBPNECSIH3PPitn5AvDwCEX7xDnSU45v8wjxCBYHIfyhmhvS-h7aw4JmT5L3ECJdVcj-7g3TKN2sXuvnRo9VVOnYk-IlvWFZDNSHPoeMCpShTiOTaR-DJokjFjlKkG173XSABsbsNazTs0', 'width': 1181}]",ChIJh-QLaCk3uS0RrlNSGyIfoW8,4.3,"['lodging', 'point_of_interest', 'establishment']",104
"Jl. Lanto Dg Pasewang No.438 A, Balang Toa, Kec. Binamu, Kabupaten Jeneponto, Sulawesi Selatan 92315, Indonesia","{'location': {'lat': -5.6731853, 'lng': 119.7366386}, 'viewport': {'northeast': {'lat': -5.671779170107278, 'lng': 119.7380330798927}, 'southwest': {'lat': -5.674478829892722, 'lng': 119.7353334201073}}}",Hotel Pelangi Jeneponto,"[{'height': 3000, 'html_attributions': ['<a href=""https://maps.google.com/maps/contrib/108087672307622628728"">A Google User</a>'], 'photo_reference': 'AUGGfZm-dVfbavM1wfEj3eeIHtuILNv-uQ_Fv8h6FLWaL5D5UMaF7lovw6fFTc6I7Oc2wBvcQLgnXiyzrjK6cTgu-gHNiI1y8MivMg84tu-hEHT-3Ch0nGFNabtaKVWbafqCAgwxvvljjoLbx52Ad9DR-QXsxEgVGRM3IhImPHAOhBFop2Xe', 'width': 4000}]",ChIJF4mnYdo3uS0RKOZTZOZU4A8,4.2,"['lodging', 'point_of_interest', 'establishment']",114
"Jl. Lanto Dg Pasewang No.127, Kalukuang, Kec. Binamu, Kabupaten Jeneponto, Sulawesi Selatan 92351, Indonesia","{'location': {'lat': -5.6688502, 'lng': 119.7313871}, 'viewport': {'northeast': {'lat': -5.667463570107278, 'lng': 119.7327680798927}, 'southwest': {'lat': -5.670163229892722, 'lng': 119.7300684201072}}}",Hotel Sari Jeneponto RedPartner,"[{'height': 2256, 'html_attributions': ['<a href=""https://maps.google.com/maps/contrib/115466003667363873116"">Jaliling Junior</a>'], 'photo_reference': 'AUGGfZlsjW-e2thkLdk8_hNJf_eDykgj6v3XPbok-TXwE_55JXNMCi-aBh-8pQuyLnbtHs__Gr8vrkgGiJAk5nARQ2sU4DntkQlkRxiQVSlOB_BvnfIkqOTggTWGo-UcW4WGqomBCe089WIrG2Mz_EHgjSHZbSMmkDYQ1mBrEbEQFsyEKY4N', 'width': 4000}]",ChIJLRVpR4A3uS0Re7spBsArysM,3.7,"['lodging', 'point_of_interest', 'establishment']",124
"Jl. Pahlawan No.12, Empoang, Kec. Binamu, Kabupaten Jeneponto, Sulawesi Selatan 92311, Indonesia","{'location': {'lat': -5.674852599999999, 'lng': 119.7533875}, 'viewport': {'northeast': {'lat': -5.673584020107278, 'lng': 119.7547621798927}, 'southwest': {'lat': -5.676283679892721, 'lng': 119.7520625201073}}}",OYO 91432 Dalle 5151 Jeneponto,,ChIJOa395qU3uS0Rhm735vyvAbk,3.4,"['lodging', 'point_of_interest', 'establishment']",13
"8P29+CR3, Jl. H.V.Worang Kecamatan Binamu, Pabiringa, Kec. Binamu, Kabupaten Jenepento, Sulawesi Selatan 92316, Indonesia","{'location': {'lat': -5.6989926, 'lng': 119.7195479}, 'viewport': {'northeast': {'lat': -5.697643320107278, 'lng': 119.7209089798928}, 'southwest': {'lat': -5.700342979892722, 'lng': 119.7182093201073}}}",Hotel Bintang Karaeng & Restaurant,"[{'height': 3120, 'html_attributions': ['<a href=""https://maps.google.com/maps/contrib/109915834299302343843"">dirayakan1</a>'], 'photo_reference': 'AUGGfZnH79udK7mQvKG9NS03AeOIjtuVeGzr4MT9OSanLb4eWZ4itaGNb6MQ8_muSZ81XNWXNllJAujDrZiwwA9vuRoeLLyepPR6QeEOanH1L_6j8k7x2RaJhHsKSt99l57GpGBFh9Y2EEOfwHjC_nAIyU22Idn5nu-JGar-xGdsxhzpOK-u', 'width': 4160}]",ChIJt0KcVhU3uS0RtHgc2n-pKKs,3.5,"['lodging', 'restaurant', 'food', 'point_of_interest', 'establishment']",144
"Jl. Raya Lanto No.69, Pallantikang, Kec. Bantaeng, Kabupaten Bantaeng, Sulawesi Selatan 92451, Indonesia","{'location': {'lat': -5.5481508, 'lng': 119.9498838}, 'viewport': {'northeast': {'lat': -5.546852020107278, 'lng': 119.9512043798927}, 'southwest': {'lat': -5.549551679892722, 'lng': 119.9485047201073}}}",Hotel Kirei Bantaeng,"[{'height': 3456, 'html_attributions': ['<a href=""https://maps.google.com/maps/contrib/116691113802553520264"">A Google User</a>'], 'photo_reference': 'AUGGfZmxACDZy9dDk9OU-FBCOu_CVNlDyZrg-Aj2eaMrbIwA1A1AIX0iTxPYVBlabUi-dctL6fWZ16BA1BqYAU4VhQOEUNbFa-aElhu6LaKdr-DNSwTtGwThxQV94bDTyxi365FUWtPn4loDEq9fsZtLo1pgj6lL2P1veGBFGdRaYja7J-CI', 'width': 4608}]",ChIJzW15uGmzvi0RhqgFqeYnjGQ,4.3,"['lodging', 'restaurant', 'food', 'point_of_interest', 'establishment']",808
"Jl. Teratai No.56, Pallantikang, Kec. Bantaeng, Kabupaten Bantaeng, Sulawesi Selatan 92411, Indonesia","{'location': {'lat': -5.5490182, 'lng': 119.9488144}, 'viewport': {'northeast': {'lat': -5.547705170107278, 'lng': 119.9501296298927}, 'southwest': {'lat': -5.550404829892722, 'lng': 119.9474299701073}}}",Hotel Seruni Bantaeng,"[{'height': 2268, 'html_attributions': ['<a href=""https://maps.google.com/maps/contrib/105787235787412227778"">A Google User</a>'], 'photo_reference': 'AUGGfZlUmSAuSVE_GpsCmakrJeVjllrbEBLCr-UAbQjG9Z12r6dhgTaRzmWir9EGSF7-A_ET56i-V4y4evjJaNeb04qdLsE580DbqQbQmKd3sfttNpMtMPTap1e1A4Ay3yIusyQDIVeJb_1l3oryi2RFxdJCML7GeGZPToIKa_uTgFwMbBHm', 'width': 4032}]",ChIJidPkll2zvi0RWuQdZHuu52E,4.4,"['lodging', 'point_of_interest', 'establishment']",258
"128 Pertamina, Poros Makassar-Jeneponto, Jeneponto, Me, South Sulawesi 92351, Indonesia","{'location': {'lat': -5.668927399999999, 'lng': 119.731198}, 'viewport': {'northeast': {'lat': -5.667473170107278, 'lng': 119.7326413798927}, 'southwest': {'lat': -5.670172829892722, 'lng': 119.7299417201073}}}",OYO 91433 Hotel Sari Jeneponto,,ChIJb8LiImI3uS0Rm7cSatkQhUw,3.0,"['lodging', 'point_of_interest', 'establishment']",3
"Jl. Bolu No.1, Letta, Kec. Bantaeng, Kabupaten Bantaeng, Sulawesi Selatan 92411, Indonesia","{'location': {'lat': -5.5507401, 'lng': 119.9536767}, 'viewport': {'northeast': {'lat': -5.549346370107278, 'lng': 119.9549549298928}, 'southwest': {'lat': -5.552046029892722, 'lng': 119.9522552701073}}}",BM Hotel & Cafe,"[{'height': 2268, 'html_attributions': ['<a href=""https://maps.google.com/maps/contrib/113333724000481604767"">Imam Budiman</a>'], 'photo_reference': 'AUGGfZnM3b9PKHmI2K9bmmUaufDqJm0h9_SVP9y2EdTcyn5M4n3dUDDauoZXmx4qzJyscnjp1YOEkADCWLAMTPsWFuiznp9Wh168_ouS69QvN7_f6Lpkwc9t5duSzVJW5EHeBHwBXo4TPG1xH46TFPfuyKvBotn3eWrbJ25VbyXU5EeZlwpz', 'width': 4032}]",ChIJtS1n1rizvi0RmsFtRQX8P5c,4.0,"['lodging', 'point_of_interest', 'establishment']",394
"Jl. Raya Lanto No.39-41, Tappanjeng, Kec. Bantaeng, Kabupaten Bantaeng, Sulawesi Selatan 92451, Indonesia","{'location': {'lat': -5.5452389, 'lng': 119.9443812}, 'viewport': {'northeast': {'lat': -5.543975670107278, 'lng': 119.9456884298927}, 'southwest': {'lat': -5.546675329892722, 'lng': 119.9429887701072}}}",Ahriani Hotel,"[{'height': 3264, 'html_attributions': ['<a href=""https://maps.google.com/maps/contrib/118097301980484252860"">abdul naris Agam</a>'], 'photo_reference': 'AUGGfZkvO-hV5j6djcuMp5crDpBTF7rxHYVIpstgE9cYEbwPVNmQ_1HIMH0RW00aRSu5rcrb2y_mzblCdcGaXhp0P8jfbbreagfceW3miHqs1EnBAp-14lKBxowvt2gLujezvUP8Fqkf5lsIVQrun9PmuAkRBd3ym6MePavi11v4ZF6F3Uld', 'width': 2448}]",ChIJZ13YBMSyvi0RKUnF5KtKuX0,4.0,"['lodging', 'point_of_interest', 'establishment']",421
"Kulle Cafe, Jeneponto, South Sulawesi, Indonesia Masjid Raya Jeneponto, Rumah, Makassar City, South Sulawesi 92311, Indonesia","{'location': {'lat': -5.6855924, 'lng': 119.7526362}, 'viewport': {'northeast': {'lat': -5.684236170107278, 'lng': 119.7537020298927}, 'southwest': {'lat': -5.686935829892722, 'lng': 119.7510023701073}}}",OYO 91657 Penginapan Radja Jeneponto,,ChIJweYhItM3uS0RlGWwdiVG3j4,0.0,"['lodging', 'point_of_interest', 'establishment']",0
"Jl. Kestadion Jln ke Stadion No.Raya, Lembang, Kec. Bantaeng, Kabupaten Bantaeng, Sulawesi Selatan 92411, Indonesia","{'location': {'lat': -5.5497248, 'lng': 119.9605994}, 'viewport': {'northeast': {'lat': -5.548367420107278, 'lng': 119.9619508298927}, 'southwest': {'lat': -5.551067079892722, 'lng': 119.9592511701073}}}",Homestay Syariah Callista Bantaeng Mitra RedDoorz,"[{'height': 3024, 'html_attributions': ['<a href=""https://maps.google.com/maps/contrib/101959884999910923416"">ARFAN SENIARFAN</a>'], 'photo_reference': 'AUGGfZmiFuzBKEz6W16GAAOW6lsbfYOkDH_2XWxdVzV8tV2nCEgd29qACFV1T3-fpCtkKagiyjjSBNvxpXn1I5tAHNeYcWUWaeESEkLPk4UemESNc-9RFOl77OTPA3mN-G29PayDlxlBwq_Sf9k1_cjCrOhLCE_ZwttnffYnDGSpFE5xtCqZ', 'width': 4032}]",ChIJUf-EvNyzvi0R0qXfFTMLFsA,4.5,"['lodging', 'point_of_interest', 'establishment']",70
"92412 Jalan Kestadion, Lembang, Bantaeng, Letta, Sulawesi Selatan, 92411, Makassar, South Sulawesi 92412, Indonesia","{'location': {'lat': -5.5497363, 'lng': 119.9605857}, 'viewport': {'northeast': {'lat': -5.548365120107278, 'lng': 119.9619400298927}, 'southwest': {'lat': -5.551064779892722, 'lng': 119.9592403701073}}}",OYO 91857 Callista Homestay,"[{'height': 427, 'html_attributions': ['<a href=""https://maps.google.com/maps/contrib/116076339831107753273"">A Google User</a>'], 'photo_reference': 'AUGGfZmD5DMKm4FQ4Pz_iTpRD6GXGWnq-O_A2ZcTGyVqUaFE7jklvgWuRIIMRgBVKMMBJp-x230uOnHpbtYkWadigWHRLcXUAivYad4M5Db10gKctFfMHjYCA2Io0JBSCjhnH-pYeI7NrFBFOBJ_5Kq2SWrCh7-7red8CjjYnNdTiy16vVen', 'width': 640}]",ChIJ93whomKzvi0RyrGNvTgRZXs,2.8,"['lodging', 'point_of_interest', 'establishment']",8
"CMWF+569, Bulusibatang, Bontoramba, Jeneponto Regency, South Sulawesi 92351, Indonesia","{'location': {'lat': -5.554579, 'lng': 119.6730939}, 'viewport': {'northeast': {'lat': -5.553785970107278, 'lng': 119.6754882}, 'southwest': {'lat': -5.556485629892722, 'lng': 119.6722958}}}",Raja penginapan,,ChIJD7HbJIDNvi0RKw9yw9ysSmE,0.0,"['lodging', 'point_of_interest', 'establishment']",0
"Letta, Bantaeng Sub-District, Bantaeng Regency, South Sulawesi 92411, Indonesia","{'location': {'lat': -5.552579499999999, 'lng': 119.9556615}, 'viewport': {'northeast': {'lat': -5.551202170107278, 'lng': 119.9569545298927}, 'southwest': {'lat': -5.553901829892722, 'lng': 119.9542548701073}}}",Wisma Balla Basia,"[{'height': 2913, 'html_attributions': ['<a href=""https://maps.google.com/maps/contrib/113333724000481604767"">Imam Budiman</a>'], 'photo_reference': 'AUGGfZmAR5jtyNCX5yRQ5nChyVaOJCThkwgE1gex9CNM34kit_mM4p7VNamZ9RdcLeioOQ2MvBLzmdl-L0Q3bXWaNcmFE3s1ddOl4VK6F3m3QmqYLQ51bojIrrIH1d9GGcjG3GrdkdU2sK06QfZ6zqj3qr_hfopixrJAwIi5C4XJHEYebRwG', 'width': 2268}]",ChIJoQsPpLayvi0RyNQn41GeAQw,4.1,"['lodging', 'point_of_interest', 'establishment']",146
"Mallasoro, Bangkala, Jeneponto Regency, South Sulawesi 92352, Indonesia","{'location': {'lat': -5.6490866, 'lng': 119.584063}, 'viewport': {'northeast': {'lat': -5.648066820107277, 'lng': 119.5851455798928}, 'southwest': {'lat': -5.650766479892721, 'lng': 119.5824459201073}}}",BATIKITE Resort,"[{'height': 960, 'html_attributions': ['<a href=""https://maps.google.com/maps/contrib/113256494185704981977"">A Google User</a>'], 'photo_reference': 'AUGGfZmv72F2UryuW5FBCQjeOcEqm6GhF1QLiaju_qoCmv9RMwAxlyEuqKEavkbqdbXe7on6Y9ld2-oW9cHk3OWGtItmxDwH0jbR4K_RONEpMFkJLllci8-hjH5-u24Rh5auNGmmkBc2atYKBGkePSGxarpyJ_LNXGPSGw3v1UbF_-V4v2oK', 'width': 1280}]",ChIJR3xWLT0tuS0RCO24YxvvF4c,4.6,"['lodging', 'point_of_interest', 'establishment']",43
"HCPV+VVQ, Bajeng, Pattallassang, Takalar Regency, South Sulawesi 90615, Indonesia","{'location': {'lat': -5.412802, 'lng': 119.4447753}, 'viewport': {'northeast': {'lat': -5.411484670107277, 'lng': 119.4462023298928}, 'southwest': {'lat': -5.414184329892721, 'lng': 119.4435026701073}}}",Hotel Grand Kalampa,"[{'height': 2592, 'html_attributions': ['<a href=""https://maps.google.com/maps/contrib/103972018079424479214"">Andi Fitriawan</a>'], 'photo_reference': 'AUGGfZlrABmgEQR1MyX3OXRApQDzvKSjmhx0caDF31Mv6aJuxlTgDsO0kegcLhcwCwQtBCoaLZQYrhlcElU-221Uw5CfbdCg1OUHbzmBTB4MlFgsNjqrYo001zYSoaTgyTytWz8pIbab9pFXxZhdOyKUSg7AbKOHFWoKmn73MvMV3obrmlCP', 'width': 4608}]",ChIJg56vx0PYvi0RROQkNll9TXo,3.5,"['lodging', 'point_of_interest', 'establishment']",305
"Topejawa, Mangara Bombang, Takalar Regency, South Sulawesi 92261, Indonesia","{'location': {'lat': -5.5089308, 'lng': 119.43122}, 'viewport': {'northeast': {'lat': -5.507504820107278, 'lng': 119.4328210298928}, 'southwest': {'lat': -5.510204479892722, 'lng': 119.4301213701073}}}",Penginapan Wisata Pantai Topejawa,"[{'height': 3000, 'html_attributions': ['<a href=""https://maps.google.com/maps/contrib/108578738678619660409"">Roda2makassar Vlog</a>'], 'photo_reference': 'AUGGfZkQ0QNCJymBqlZM1xFfaVjZUiLgaSVHq4abLc0SDFzNvr_ZOsuUihQFK2E5JHaEJKIc6Z4mmyTF34tsZzZxdecr7zTvMVkuh00MrKSuJXTUwj8nIQenykMBwc0ZfpISA5TBnRs0ZnKydg-4a5caYdqpw2Cunz6KodbH2PtZNIuTXmzV', 'width': 4000}]",ChIJUx3adJ_Xvi0REs-5d0xoF2E,3.9,"['lodging', 'point_of_interest', 'establishment']",91
"Jalan Pa No.122, totongan, Kalaserena, Bontonompo, Gowa Regency, South Sulawesi 92221, Indonesia","{'location': {'lat': -5.3519957, 'lng': 119.4548852}, 'viewport': {'northeast': {'lat': -5.350626370107277, 'lng': 119.4562340298927}, 'southwest': {'lat': -5.353326029892721, 'lng': 119.4535343701073}}}",OYO 93858 Kost Reski 2,,ChIJmcQUbSXfvi0RF8QAFDWZpQ0,5.0,"['lodging', 'point_of_interest', 'establishment']",1
"22, Jalan Hamzah Tuppu, Mappakasunggu, Takalar, Patani, Gowa Regency, South Sulawesi 92261, Indonesia","{'location': {'lat': -5.447520799999999, 'lng': 119.4204159}, 'viewport': {'northeast': {'lat': -5.446186720107279, 'lng': 119.4217260298927}, 'southwest': {'lat': -5.448886379892723, 'lng': 119.4190263701072}}}",OYO 93912 Kost Takalar,,ChIJIwnoCavXvi0R24XPaq_49FI,0.0,"['lodging', 'point_of_interest', 'establishment']",0
"12, Jalan Allu no 12 - Bontoramba, Sengka, Bontonompo Selatan, Gowa Regency, South Sulawesi 92153, Indonesia","{'location': {'lat': -5.3755111, 'lng': 119.4086501}, 'viewport': {'northeast': {'lat': -5.374195920107278, 'lng': 119.4100413298927}, 'southwest': {'lat': -5.376895579892722, 'lng': 119.4073416701073}}}",OYO 93953 Kost Tamara,,ChIJt1G3bf0nvy0RqAK4GhtAdys,0.0,"['lodging', 'point_of_interest', 'establishment']",0
"C38X+9XM, Baruga, Pajukukang, Bantaeng Regency, South Sulawesi 92561, Indonesia","{'location': {'lat': -5.584029999999999, 'lng': 120.0999323}, 'viewport': {'northeast': {'lat': -5.582664720107278, 'lng': 120.1011557798927}, 'southwest': {'lat': -5.585364379892722, 'lng': 120.0984561201072}}}",Marina Beach Hotel,"[{'height': 3257, 'html_attributions': ['<a href=""https://maps.google.com/maps/contrib/100765093586376614876"">srijembarrahayu suwanto</a>'], 'photo_reference': 'AUGGfZmEZUQocnmPN2zZZajNamkr-sEwnfiGtA7ZvEUG8GmvEZQPyK9oYSYaR72iCiufqlimw7krUI9gLX9PCFrYBigL6sxXQ5zSk4XWQhwfto5inXAdVXqH94KZ2iO5B5FdcHR6GpcxlrqaVT9-jVo4h70hIkKLslN0m4JbxLNL1QvtyHaS', 'width': 4752}]",ChIJb4modfdUuS0RdszccGf73z4,4.3,"['lodging', 'point_of_interest', 'establishment']",164
"Bulutana, Tinggimoncong, Gowa Regency, South Sulawesi 92174, Indonesia","{'location': {'lat': -5.2722707, 'lng': 119.8535039}, 'viewport': {'northeast': {'lat': -5.270812620107278, 'lng': 119.8551072798927}, 'southwest': {'lat': -5.273512279892722, 'lng': 119.8524076201073}}}",Rumah Kurcaci D'Sawah,"[{'height': 3000, 'html_attributions': ['<a href=""https://maps.google.com/maps/contrib/106748683252316404301"">A Google User</a>'], 'photo_reference': 'AUGGfZnvqjMagiFnmNuPTJrS_UvDF9MMheJVzX6oPFGn52JKxI3DGFDKWd_UrGxoL80eQBWfYMCCkQHQK7dvOn3EjR9l5PkzmorNjn5V-Flgp1jGhcwuraJpeF1E0KnJH8YcXCLejznmxLxwFgZKGsA-nINYvHGDVfDCRSqomoRX2TMIDM_C', 'width': 4000}]",ChIJ26eFMgm_vi0Ro9RXErbIS5I,4.5,"['lodging', 'point_of_interest', 'establishment']",878
"Jl. Sulaiman Dg. Jarung, Malino, Kec. Tinggimoncong, Kabupaten Gowa, Sulawesi Selatan 92178, Indonesia","{'location': {'lat': -5.2515459, 'lng': 119.8559436}, 'viewport': {'northeast': {'lat': -5.250281420107278, 'lng': 119.8573472798927}, 'southwest': {'lat': -5.252981079892722, 'lng': 119.8546476201073}}}",Double Nine Hotel,"[{'height': 1504, 'html_attributions': ['<a href=""https://maps.google.com/maps/contrib/117755866703412943599"">A Google User</a>'], 'photo_reference': 'AUGGfZl-J3ocBwd1N3pP_armPgP5hDjYU_m4z4GRqAWxTiRgdHFTslrC-LA_PaffD5GUR2wdli3i8ZxTh0V4KZvuN1FjFMcWKOgweE-YrfHEC4LffouQ-ZNiYbaOb0c2njbcZrGw68svZcEz2YxXaCsiuuJzH1TI7UNzJZOWjXAGLhbVD8Ot', 'width': 3264}]",ChIJTWhtt22Vvi0RKIRZGFtVKso,4.7,"['lodging', 'point_of_interest', 'establishment']",18
"Topidi, Bonto Lerung, Kec. Tinggimoncong, Kabupaten Gowa, Sulawesi Selatan 92174, Indonesia","{'location': {'lat': -5.2848125, 'lng': 119.8853125}, 'viewport': {'northeast': {'lat': -5.283637670107278, 'lng': 119.8868468798927}, 'southwest': {'lat': -5.286337329892722, 'lng': 119.8841472201073}}}",Langit Topidi Resort,"[{'height': 3120, 'html_attributions': ['<a href=""https://maps.google.com/maps/contrib/111350896359323473565"">Aji Bungsu</a>'], 'photo_reference': 'AUGGfZnL54OPkspr8frRcGPlTN6X3KekHq5XkEmc87iJgB4Po8mEGXxtcuJNoLD3Ik7Q_xix7mlCtBkhKkaLZoGPiG5_Y88BoxxvObgFDps5c3LckmC2nIHKjhNegKilzZtsIVzif-3XFPrjPk21NRyjvRvcSyyxrisX9TS4j51j1JulVOnz', 'width': 4160}]",ChIJ7fbPfSG9vi0RexY0vxejBk4,4.5,"['lodging', 'point_of_interest', 'establishment']",131
"Bulutana, Tinggimoncong, Gowa Regency, South Sulawesi 92174, Indonesia","{'location': {'lat': -5.2721285, 'lng': 119.8558412}, 'viewport': {'northeast': {'lat': -5.270972770107277, 'lng': 119.8573263298927}, 'southwest': {'lat': -5.273672429892721, 'lng': 119.8546266701073}}}",Pucuk Merah Malino,"[{'height': 3000, 'html_attributions': ['<a href=""https://maps.google.com/maps/contrib/111317768191769524058"">tuty sembilan</a>'], 'photo_reference': 'AUGGfZl87PztFjwTOtJZIeCnKiiV_sZ-hNlBdcSKGWHzPqFz6KABu3xZId1SksIMfg6nL0YNSqI5XhD8fIZ_UsLrqhl7bt3DXrM5TJFGxp2Zsl1bZxnrfkhPsOTIZnLv1jyDmsBqfLGcbP7VTUgCLqmJanGdGOWeE3iv9FRYLkxmDEiVbKlQ', 'width': 4000}]",ChIJrU-Loly_vi0RnbJxw-pvRGo,4.4,"['lodging', 'point_of_interest', 'establishment']",37
"Jl. Malino, Malino, Kec. Tinggimoncong, Kabupaten Gowa, Sulawesi Selatan 92174, Indonesia","{'location': {'lat': -5.2574453, 'lng': 119.8443878}, 'viewport': {'northeast': {'lat': -5.256104070107277, 'lng': 119.8457538298927}, 'southwest': {'lat': -5.258803729892721, 'lng': 119.8430541701073}}}",IEFA Resort Malino,"[{'height': 780, 'html_attributions': ['<a href=""https://maps.google.com/maps/contrib/104548998687446827544"">A Google User</a>'], 'photo_reference': 'AUGGfZlK4nws6bp7DBM7-5YKBT9qKxQgccjnnP_H1Z4-YXZAxc4gJD-dhMQYVbugC4W96XIcCgWNknelFh887btf7JJupL3iOzr3Zycv8Mg8XkqRii_mznzRUqsXrfm4ynW2BGt7HJPXbS7dzOfgZHEtUd7ZizcMobvsoKscep0DvxmCIU8w', 'width': 1040}]",ChIJsfmUH5uVvi0RlqIYZpMZOHA,4.6,"['lodging', 'point_of_interest', 'establishment']",63
"PVW5+7FR, Jl. Pendidikan, Bulutana, Kec. Tinggimoncong, Kabupaten Gowa, Sulawesi Selatan 92174, Indonesia","{'location': {'lat': -5.254271, 'lng': 119.8586364}, 'viewport': {'northeast': {'lat': -5.252877820107279, 'lng': 119.8599498298927}, 'southwest': {'lat': -5.255577479892723, 'lng': 119.8572501701073}}}",Penginapan KIRANA,"[{'height': 1970, 'html_attributions': ['<a href=""https://maps.google.com/maps/contrib/101697148875719362226"">A Google User</a>'], 'photo_reference': 'AUGGfZkJMYdbFMLV0paeK_hNGjDFDpwEs7uDaMkXiwfsJZYPtHfmSdr3ltY-VdmsvwiXqmVUI_zziNtO8GlTX0RwroExAalidINTn2dKLOW0Z-872QKPSXjlftvI_XVizqjMsvPsh2RvJn8fNolslCjUtGhMDj6_zhQ3_xVgsS4dlQ_n92Mn', 'width': 4160}]",ChIJ-7v7DpOVvi0RH66L2BOnG18,4.9,"['lodging', 'point_of_interest', 'establishment']",27
"Jl. Sultan Hasanuddin No.1, Malino, Kec. Tinggimoncong, Kabupaten Gowa, Sulawesi Selatan 92174, Indonesia","{'location': {'lat': -5.2523954, 'lng': 119.8513016}, 'viewport': {'northeast': {'lat': -5.251027220107277, 'lng': 119.8525872298928}, 'southwest': {'lat': -5.253726879892721, 'lng': 119.8498875701073}}}",Celebes Villa And Resort Malino,"[{'height': 2304, 'html_attributions': ['<a href=""https://maps.google.com/maps/contrib/108899016841554453701"">Achmad Suhaiba</a>'], 'photo_reference': 'AUGGfZmUF-YRVc-VWDaSjb0-b8TtveJ5qdwwPYJmQQvSrH9e8YtaeOb-uOaHUyQUH1_-9sRXhSbl8e4-b3d_0s1ZZJ4j-cHqHA82AraIT8az-J-IjIirnCPfIVApdUtf2DaYbwHI8nMoCocYgoASH5HvsfyKjX-B1eLsu3EcIKMhs5tFXMHF', 'width': 4096}]",ChIJ7a_F7JaVvi0Rxo1_8HXOOAE,4.2,"['lodging', 'point_of_interest', 'establishment']",610
"PVW5+FG4, Jl. Pendidikan, Malino, Kec. Tinggimoncong, Kabupaten Gowa, Sulawesi Selatan 92174, Indonesia","{'location': {'lat': -5.2538538, 'lng': 119.8588366}, 'viewport': {'northeast': {'lat': -5.252561320107278, 'lng': 119.8602215298927}, 'southwest': {'lat': -5.255260979892722, 'lng': 119.8575218701073}}}",Villa Palen,"[{'height': 720, 'html_attributions': ['<a href=""https://maps.google.com/maps/contrib/113598371783524248895"">Mustahabba Mth</a>'], 'photo_reference': 'AUGGfZly2QfmOm2fR0gPQrdN0DiTmDibQ2zp-UEUK6lZWAGbzsI2vptgaIYcyyNoggdzwv5bZV7cHvTPBP_eJWzzf6UGqXBscsRx-Jo4LeBsSlsnurcVuBkU5mj1Cw-3sBsHAJJqP4nRU3iyB8m_GJ7GzFa4eXDCcljufQ9xSLgCLYesIvie', 'width': 1280}]",ChIJE6CXHryVvi0RkSbntug-DM0,4.9,"['lodging', 'point_of_interest', 'establishment']",16
"Kampung Parang Bugisi, Kelurahan Bulutana Malino, Bulutana, Kec. Tinggimoncong, Kabupaten Gowa, Sulawesi Selatan 92174, Indonesia","{'location': {'lat': -5.259583699999999, 'lng': 119.8631668}, 'viewport': {'northeast': {'lat': -5.258217320107279, 'lng': 119.8646359298927}, 'southwest': {'lat': -5.260916979892722, 'lng': 119.8619362701073}}}",villa kolam renang bahagia,"[{'height': 2240, 'html_attributions': ['<a href=""https://maps.google.com/maps/contrib/117317157125637647036"">A Google User</a>'], 'photo_reference': 'AUGGfZmqgrGL_CRnBi_yfLMu6h3VOaDFh9-WcPaLt46tq7MmxxDjGZjNIFT08NJqG38lzrWGxpNPnX6uTLzMGMswGnhJWnzlmhRPYuCDuavdXBT1y0gUPngzqov340tVoYKssVK9WcxE33ByBPwlayb9q73F5b5MjSw8wrbk48Uhp6U-q7iU', 'width': 4608}]",ChIJPWymr1iVvi0RqNoXhAyBpkk,4.5,"['lodging', 'point_of_interest', 'establishment']",17
"QV25+5CH, Malino, Tinggimoncong, Gowa Regency, South Sulawesi 92174, Indonesia","{'location': {'lat': -5.2495993, 'lng': 119.8586195}, 'viewport': {'northeast': {'lat': -5.248191070107277, 'lng': 119.8599459298927}, 'southwest': {'lat': -5.250890729892721, 'lng': 119.8572462701073}}}",Homestay Intan,"[{'height': 2448, 'html_attributions': ['<a href=""https://maps.google.com/maps/contrib/110835075895002170215"">helga ratu</a>'], 'photo_reference': 'AUGGfZnTZtI9Au6UNhHKSTwN0pqSiuDb-SL77-BTrUKxWSMHze2oEhnsQ6Pnv24LV6d0jaB2xpuRrNmjiGEkDO84PPBKkUhgV0Uwwqbt1KzfxSwWW_qwBWm1T9ttX5CtopM1PUwLySaSWYt8Dtdd-rqDUYJAgwK5dX6WLskQlu85udvXMV6P', 'width': 3264}]",ChIJs523zbaVvi0Rnjwgj1cXQwE,4.7,"['lodging', 'point_of_interest', 'establishment']",3
"Produsen Oleh-oleh Khas Malino, Jl. Endang No.2, Malino, Kec. Tinggimoncong, Kabupaten Gowa, Sulawesi Selatan 92174, Indonesia","{'location': {'lat': -5.249782499999999, 'lng': 119.8527924}, 'viewport': {'northeast': {'lat': -5.248397170107278, 'lng': 119.8541191298928}, 'southwest': {'lat': -5.251096829892722, 'lng': 119.8514194701073}}}",Bukit Indah Malino,"[{'height': 3840, 'html_attributions': ['<a href=""https://maps.google.com/maps/contrib/106687478022738622118"">A Google User</a>'], 'photo_reference': 'AUGGfZneTkEjiyDkP4MVvAi97T1rIjGKvm2p2wFEgFzmsX4KF6D7aq-4SUneLmc5lst2iln82SVMGjJ3WcNEbcHS2WpMztLwerc57SsD_D5QVcN-wB-2JkQsSTe9nGKkneRnrhrbYRbctMznJfWvBiCbZL8o3JvJgix7h71UNyCMwrvyCWbr', 'width': 2160}]",ChIJkybIGb6Vvi0RI3QDCcBDM2M,4.2,"['lodging', 'point_of_interest', 'establishment']",193
"PVW7+XHQ, Jl. Pendidikan Street, Malino, Kec. Tinggimoncong, Kabupaten Gowa, Sulawesi Selatan 92174, Indonesia","{'location': {'lat': -5.25253, 'lng': 119.864}, 'viewport': {'northeast': {'lat': -5.251219370107278, 'lng': 119.8653561298927}, 'southwest': {'lat': -5.253919029892722, 'lng': 119.8626564701073}}}",Villa Bahagia 2,,ChIJkYr84uuVvi0RnzEuJSIWjHI,0.0,"['lodging', 'point_of_interest', 'establishment']",0
"Jl.Perintis Kemerdekaan KM 15 No.14 A, Pai, Kec. Biringkanaya, Kota Makassar, Sulawesi Selatan 90243, Indonesia","{'location': {'lat': -5.0940876, 'lng': 119.5119479}, 'viewport': {'northeast': {'lat': -5.092755370107279, 'lng': 119.5133259298927}, 'southwest': {'lat': -5.095455029892722, 'lng': 119.5106262701073}}}",Hotel Harper Perintis Makassar,"[{'height': 2069, 'html_attributions': ['<a href=""https://maps.google.com/maps/contrib/106208835957148242820"">A Google User</a>'], 'photo_reference': 'AUGGfZnj2iVudNVHn0jT36alQWRmTtPsi40vgDT1WTNHSCCDxoxVR0MXt3BiGbuTajlEMhyfOF54vs_meDfwBGQqA0iqMmDpZCAXgcJFBd4JZebTDSDuQhSaT7y-P6EyFal-erSbRM9ToYp3mq2ApUlUtyTnhiOeN651L0NeVZZjo8DOlYiL', 'width': 3080}]",ChIJYUBeC4f7vi0RR7XNUP8iBOg,4.8,"['restaurant', 'food', 'lodging', 'point_of_interest', 'establishment']",9436
"Jl. Sultan Hasanuddin No.10, Baru, Kec. Ujung Pandang, Kota Makassar, Sulawesi Selatan 90174, Indonesia","{'location': {'lat': -5.1371866, 'lng': 119.4083988}, 'viewport': {'northeast': {'lat': -5.135839420107278, 'lng': 119.4097513798927}, 'southwest': {'lat': -5.138539079892722, 'lng': 119.4070517201073}}}",Aston Makassar Hotel & Convention Center,"[{'height': 2000, 'html_attributions': ['<a href=""https://maps.google.com/maps/contrib/117786187807118207706"">A Google User</a>'], 'photo_reference': 'AUGGfZnivZDVvgC1cmaWvpPFI0Z_m1-qUSfvIVfqBbvL7JAmjGeGVCf9kSI5KkYzFpvIYNcuM0bCvrGe_EjE7MTFWZ6ri6ug6meNONRlVP2C2ui-eIOgZSLL8NYwVhMhKCl6HdMtj_JYHXih-eLFXjSVpRlY6cwfC9XuAu2kBZHF3sl4FeEw', 'width': 3000}]",ChIJV4AWW6wCvy0RN2NlX0Zu9bA,4.6,"['restaurant', 'food', 'lodging', 'point_of_interest', 'establishment']",5894
"Masale, Panakkukang, Makassar City, South Sulawesi 90231, Indonesia","{'location': {'lat': -5.1543931, 'lng': 119.4397844}, 'viewport': {'northeast': {'lat': -5.153036720107278, 'lng': 119.4410970298927}, 'southwest': {'lat': -5.155736379892722, 'lng': 119.4383973701073}}}",Sanrina Hotel,"[{'height': 729, 'html_attributions': ['<a href=""https://maps.google.com/maps/contrib/104686803726145286293"">A Google User</a>'], 'photo_reference': 'AUGGfZl2rgtubn9SGXSECYGek2dSr4vdEu9NFnyU5y-u7EJ9IvPTqcjS50rq_Egj_kWB59t1ntzBdzXWij6pwgxhEzuNMDZ1BgLIuXibzsSgT4ZG-KzI3NUbjPhIYQ6QP3C7kLRyMU4NIG6pdAG2rU1CbfR9ly3rX5aSZeOTt253jxOFHh_2', 'width': 1093}]",ChIJVSBl0Gvjvi0Rd46W-DdadbI,3.8,"['lodging', 'point_of_interest', 'establishment']",224
"Jl. Botolempangan No.67, Sawerigading, Kec. Ujung Pandang, Kota Makassar, Sulawesi Selatan 90113, Indonesia","{'location': {'lat': -5.1443689, 'lng': 119.4132366}, 'viewport': {'northeast': {'lat': -5.142988370107277, 'lng': 119.4144740298927}, 'southwest': {'lat': -5.145688029892721, 'lng': 119.4117743701073}}}",Best Western Plus Makassar Beach,"[{'height': 720, 'html_attributions': ['<a href=""https://maps.google.com/maps/contrib/105076248139691478953"">A Google User</a>'], 'photo_reference': 'AUGGfZm9k409ObQzSXVSavV5363RP1JqORKVOaUZZoUCrBHpTglkAVTTfekLxd5hF2iM-vg2KcSolZ_RO5DQ6gI6c789RlTQrL4xBYwdnXMe38uWxHWeYt2JL8uzy1XlFgFeSnxkEQwZ6napJ-7ZkGGFo5bj3y6h4LTYW26kj6LgeC-j795R', 'width': 1280}]",ChIJ2xZfkFQdvy0RfQ6zwb2UKnA,4.5,"['tourist_attraction', 'lodging', 'point_of_interest', 'establishment']",3356
"Jl. Ps. Ikan No.52, Bulo Gading, Kec. Ujung Pandang, Kota Makassar, Sulawesi Selatan 90111, Indonesia","{'location': {'lat': -5.1382365, 'lng': 119.4054634}, 'viewport': {'northeast': {'lat': -5.137087820107277, 'lng': 119.4069746298927}, 'southwest': {'lat': -5.139787479892721, 'lng': 119.4042749701073}}}",Makassar Golden Hotel,"[{'height': 479, 'html_attributions': ['<a href=""https://maps.google.com/maps/contrib/109366630455500103306"">Makassar Golden Hotel</a>'], 'photo_reference': 'AUGGfZnQXY_udh_drFy6UN1TwQOEktipzGf74yK3Nrq1rBFw4cEvxSIEa5axVgglxf7zlC7FDdEPz9eP5KuUXIAQDHqQRAEQ-K9MiZGWkxtc-ZJp402m92Ea0nGkm5bkasjaYU001PQaFOMRP1SKxo1JWo3xhAE8U3sBanX56F6gY4-XBKgZ', 'width': 720}]",ChIJWy0k9rECvy0RY-3QKDRu8kQ,4.1,"['restaurant', 'food', 'lodging', 'point_of_interest', 'establishment']",1812
"Jl. Poros Makassar - Maros No.KM 22, Bontoa, Kec. Mandai, Kabupaten Maros, Sulawesi Selatan 90000, Indonesia","{'location': {'lat': -5.050796699999999, 'lng': 119.5530874}, 'viewport': {'northeast': {'lat': -5.049443520107278, 'lng': 119.5544438298927}, 'southwest': {'lat': -5.052143179892722, 'lng': 119.5517441701073}}}",Grand Town Hotel,"[{'height': 2550, 'html_attributions': ['<a href=""https://maps.google.com/maps/contrib/101568713122380301560"">WATER BOOM BATANGASE MANDAI</a>'], 'photo_reference': 'AUGGfZmu-dHs4IZ7aleueNFgBfZmzMprrP8NW6IM6ueN6djvV37EAHFPhl4PuuXdhxE89iBZRxJkF4up2XAWTgs7acACzKYHt-dRGeHOtDI9eA8FxlWJ5bIPpOpCM8UVVrV09jwRPORcfeoxViW2iDMIlQIUweDSnmGF-uEchg49noL2k68l', 'width': 3509}]",ChIJIwrBh3b5vi0R2QjzsVvrFYE,4.4,"['lodging', 'point_of_interest', 'establishment']",1251
"Jl. Gunung Latimojong No.115, Lariang Bangi, Kec. Makassar, Kota Makassar, Sulawesi Selatan 90141, Indonesia","{'location': {'lat': -5.138679499999999, 'lng': 119.4206741}, 'viewport': {'northeast': {'lat': -5.137336020107278, 'lng': 119.4219511298927}, 'southwest': {'lat': -5.140035679892722, 'lng': 119.4192514701073}}}",Hotel The One,"[{'height': 800, 'html_attributions': ['<a href=""https://maps.google.com/maps/contrib/115207091488433672178"">Hotel The One</a>'], 'photo_reference': 'AUGGfZlRPnqsdTnfgtvQ-a3L-NUXOwu6mYFAUKUZ8M5Q29K7Cq4SoGTTkjaCBPbXttS8WyG2yXZqvdxuHhHcgmEea77RLtfbNuIee6aL4K_ikbFnFLRdZMAOIjNJgKjtm2w2g8s9pUaUe6w0l9DxgLfhgewDrNlvM_sZtLXUvVJWu26gUYb7', 'width': 800}]",ChIJWXNcIFj9vi0RHVGGKnAsJCM,4.2,"['lodging', 'point_of_interest', 'establishment']",975
"Jl. Perintis Kemerdekaan No.Km 16, RW.no.2, Pai, Kec. Biringkanaya, Kota Makassar, Sulawesi Selatan 90243, Indonesia","{'location': {'lat': -5.0904263, 'lng': 119.5158268}, 'viewport': {'northeast': {'lat': -5.089166520107278, 'lng': 119.5172578798928}, 'southwest': {'lat': -5.091866179892722, 'lng': 119.5145582201073}}}",Dalton Makassar,"[{'height': 6944, 'html_attributions': ['<a href=""https://maps.google.com/maps/contrib/104792488490136443960"">Dalton Hotel Makassar</a>'], 'photo_reference': 'AUGGfZkH_lJsRE-R_7R9hlCSi-tHKibzROjtigEwc0An9acvgka9DH8YqI7u3QuMGS4-YfyVccK6-DElbVn9uSazXIdp-W3cVoo1CVGxZUQOU1-T-ihkqkXU7eg5Mr3yFzpdi4H0fAsFmCPn6KxWwYfVo2FbyDZa0ehr7xvAgyWEq_wb-e0y', 'width': 9248}]",ChIJ4WOG_4H8vi0RSkES_l71e00,4.4,"['lodging', 'point_of_interest', 'establishment']",7865
"Jl. Perintis Kemerdekaan No.KM.11 No.77b, RT.2, Tamalanrea, Kec. Tamalanrea, Kota Makassar, Sulawesi Selatan 90245, Indonesia","{'location': {'lat': -5.1306347, 'lng': 119.4981177}, 'viewport': {'northeast': {'lat': -5.129309070107277, 'lng': 119.4995978798927}, 'southwest': {'lat': -5.132008729892721, 'lng': 119.4968982201073}}}",Hotel Grand Puri Perintis,"[{'height': 2170, 'html_attributions': ['<a href=""https://maps.google.com/maps/contrib/107245784066095324880"">A Google User</a>'], 'photo_reference': 'AUGGfZnk_F1ICEuM2HSayRtII-nE4gmHnTwXhTj1f-gw47nOoxuJhqyubxTEmF9wX2HzWX81R8CsAEN4x0FsAyjjc6MeHxSgfx0IAxI7ZQBefdHQSw2zoO8ka4iB947GPhUc-bUxisX59omJ1SagVwpNxXAa3MBfHXR-nEK6s-577nsjur77', 'width': 3858}]",ChIJpbuI29X9vi0R3Tv3aSytTDM,4.4,"['lodging', 'point_of_interest', 'establishment']",1001
"Jl. Pusdiklat Raya No, Blk. B No.19, Tamalanrea Indah, Kec. Tamalanrea, Kota Makassar, Sulawesi Selatan 90245, Indonesia","{'location': {'lat': -5.1437854, 'lng': 119.4739992}, 'viewport': {'northeast': {'lat': -5.142412620107278, 'lng': 119.4753832798927}, 'southwest': {'lat': -5.145112279892722, 'lng': 119.4726836201073}}}",Reddoorz Plus near Makassar Town Square,"[{'height': 4160, 'html_attributions': ['<a href=""https://maps.google.com/maps/contrib/101274117670968297901"">A Google User</a>'], 'photo_reference': 'AUGGfZkXszCIVGnomqdSO6cual8PRlKIDry44hxdaDrtNzM8SsvkCyHUrJv7-ivscy9KjJaSfC7AWSgSinIj_B-DKx7joMsk4giJ3DhyED0V8yP0mSO5kXAGfE_CZY33To58WT_CV9pZ5tLAL1yT_1aSNpWzorHg05Gg6DwMfc3NL7EP6bIj', 'width': 3120}]",ChIJ4_fJkdvjvi0R2WgVKt8TYgI,4.0,"['lodging', 'point_of_interest', 'establishment']",114
"Jl. Ps. Ikan No.10, Bulo Gading, Kec. Ujung Pandang, Kota Makassar, Sulawesi Selatan 90111, Indonesia","{'location': {'lat': -5.136604, 'lng': 119.4042004}, 'viewport': {'northeast': {'lat': -5.135121220107277, 'lng': 119.4060304798927}, 'southwest': {'lat': -5.137820879892721, 'lng': 119.4033308201073}}}",Pantai Gapura Makassar Hotel,"[{'height': 3024, 'html_attributions': ['<a href=""https://maps.google.com/maps/contrib/108795181447515384004"">Tony Menzies</a>'], 'photo_reference': 'AUGGfZmaypdFvu4f1FNMRGgjg3Mf8ZYgvCCO1nk6v9ROKZQ2Tj2bHeNLIgcmcAE_HtZYdZY-6gOSeUK4utaZUsQkdyEohlQjodFwYfobKKegdB6DBoSBiknuWGVSO3lMO7mXK8AuSDHUt18Tkti0RBJoLO7PAvXpnfoRzsTRVcITasWjF4C1', 'width': 4032}]",ChIJHULI_rECvy0RFENFr5JDAMA,4.2,"['lodging', 'point_of_interest', 'establishment']",627
"Jl. Perintis Kemerdekaan No.KM.11 No.77, Tamalanrea, Kec. Tamalanrea, Kota Makassar, Sulawesi Selatan 90245, Indonesia","{'location': {'lat': -5.130506599999999, 'lng': 119.49836}, 'viewport': {'northeast': {'lat': -5.129159670107279, 'lng': 119.4997305798927}, 'southwest': {'lat': -5.131859329892722, 'lng': 119.4970309201073}}}",Airy Eco Tamalanrea Perintis Kemerdekaan 77 Makassar,"[{'height': 1000, 'html_attributions': ['<a href=""https://maps.google.com/maps/contrib/109638822604567248454"">A Google User</a>'], 'photo_reference': 'AUGGfZnjUp4X4-nO49_LEpfEpRhZW5Aj0k_Wzm_p3ljlVYODkFhW4zBdP34zyN2WVn0XzQd4R75jTYm1q_DN2_v5vl-VIB64FWIh8yFYUd6B9lp_uQwNmXvTx387nDo5nE_gIkRDCfhlm6k0upq7frdioB7-fqvyKE9kYA5khU2p8SOjhn3y', 'width': 1500}]",ChIJ5YYrcX_9vi0Rtxa-HnzckFg,3.5,"['lodging', 'point_of_interest', 'establishment']",28
"RCQP+997, Jl. Tongkonan Kua, Rinding Batu, Kec, Kota Makassar, Sulawesi Selatan 91835, Indonesia","{'location': {'lat': -5.161582999999999, 'lng': 119.435928}, 'viewport': {'northeast': {'lat': -5.160222770107278, 'lng': 119.4372487798928}, 'southwest': {'lat': -5.162922429892722, 'lng': 119.4345491201073}}}",Capital O 91073 Rantepao Lodge,"[{'height': 692, 'html_attributions': ['<a href=""https://maps.google.com/maps/contrib/118308935046091231055"">Laskar Google</a>'], 'photo_reference': 'AUGGfZmkiLnsnfQulT3Alw6qGfzk6k0zFhdhGucu9IvbkPy7YIsa4VFTlUy3A48_DwsZmkzGGMTG9xF3mqtpbZugiALjKxUnFk3NyWyHnmH8V2A3gMaAPSJcVWxFZtMdxyTWXBXT6p2v3_jQgPurIu59Kd3pcjNwaCwYvPB5JohUbMm2QYqN', 'width': 1080}]",ChIJtwwO25Xivi0RRdvt2ygcrnY,4.6,"['lodging', 'point_of_interest', 'establishment']",18
"Jl. Manunggal 22, Maccini Sombala, Kec. Tamalate, Kota Makassar, Sulawesi Selatan 90224, Indonesia","{'location': {'lat': -5.1673946, 'lng': 119.4016189}, 'viewport': {'northeast': {'lat': -5.165938620107277, 'lng': 119.4031316798927}, 'southwest': {'lat': -5.168638279892721, 'lng': 119.4004320201073}}}",RedDoorz Plus Syariah @ Grand Sayang Park Hotel Makassar,"[{'height': 2250, 'html_attributions': ['<a href=""https://maps.google.com/maps/contrib/110203951744925761592"">Jamal Palopo</a>'], 'photo_reference': 'AUGGfZlPavmvHrs_JIzng7yqy7fHeRrAuUKUDPUvg4gUJu4H69eLcgQFuMuyaa9BnHI71LeICSM4B343aGwm7-OD7_Yvrc4RwD71lVQkl5tYHF4L4xvks_WlMdGjZxQ38Qakx3-2UYJ388rruEjoz24cqSHyuUJ2c2ejtfwky6fg_4sWbeM', 'width': 4000}]",ChIJZcgj8W4dvy0ROGnUzgS6j_o,4.3,"['lodging', 'point_of_interest', 'establishment']",613
"Jl. Biring Romang No.135, Kapasa, Kec. Tamalanrea, Kota Makassar, Sulawesi Selatan 90245, Indonesia","{'location': {'lat': -5.118114299999999, 'lng': 119.5010372}, 'viewport': {'northeast': {'lat': -5.116758920107278, 'lng': 119.5023949798927}, 'southwest': {'lat': -5.119458579892722, 'lng': 119.4996953201073}}}",Pondok Bintang Syariah Makassar RedPartner,"[{'height': 3000, 'html_attributions': ['<a href=""https://maps.google.com/maps/contrib/105230376596600494272"">Yefta Tolla</a>'], 'photo_reference': 'AUGGfZk7qcme4w_5MGFXij0iMX4eBQiHXkhvir5oylzzja05meWhp7_aZg2FBW47OCxqXdRED5n4cinmARMOYyV3lmFXI2hYzseyRA1rj7ypEAL6oPZKoEb3AiGQa_zG_iNZJBYELpjW1YoiLoFzS8VDxiX9SjPKDdaWqfp7jti_Xl5xGnNI', 'width': 4000}]",ChIJwTpQFdH9vi0R4zX0bmuvEbY,4.3,"['lodging', 'point_of_interest', 'establishment']",48
"No. 3, Jl. Perintis Kemerdekaan VIII, Tamalanrea, Makassar City, South Sulawesi 90245, Indonesia","{'location': {'lat': -5.127876, 'lng': 119.500465}, 'viewport': {'northeast': {'lat': -5.126526220107278, 'lng': 119.5018148798927}, 'southwest': {'lat': -5.129225879892722, 'lng': 119.4991152201073}}}",Rf Homestay,"[{'height': 4160, 'html_attributions': ['<a href=""https://maps.google.com/maps/contrib/106171227307912581012"">A Google User</a>'], 'photo_reference': 'AUGGfZnZEP66PUIjfFuxkFpoMu-2O_F9kmpkWYVi0cnpCocgBIJ6_XdABNGdnORnEauyDNsMSULjsgAHghDQyIiIQ0P-AG-9CKjeXWjJMuBJUE2054Ofm7k6kjsvMPrszjSDV4XnGkK1VDCWoKx1F9dZdTVqMch77tESw3OhJi6l1YS1CUY', 'width': 2336}]",ChIJg1uvP6X8vi0Rd08xtD4zqVE,2.8,"['lodging', 'point_of_interest', 'establishment']",11
"Jl. Biring Romang No.135, Kapasa, Kec. Tamalanrea, Kota Makassar, Sulawesi Selatan 90245, Indonesia","{'location': {'lat': -5.1181192, 'lng': 119.5010435}, 'viewport': {'northeast': {'lat': -5.116764970107278, 'lng': 119.5024023798927}, 'southwest': {'lat': -5.119464629892722, 'lng': 119.4997027201073}}}",Airy Tamalanrea Biring Romang 135 Makassar,"[{'height': 1000, 'html_attributions': ['<a href=""https://maps.google.com/maps/contrib/104867795124602759192"">A Google User</a>'], 'photo_reference': 'AUGGfZlNO2JpdWDbUviD-BI9eKtaNWd05GNXHpKx3XcJkYRHWHcxsdq4QQrveP1VOLHiODa3obcJxM9wKRct6jLibeILPJFcQarJXFrHjk-PW-yaQvX7uCRTIEJlkseKfpGhWuB-I4SzaU6L4WYeADqE0Y73fmAZ2nVm6YzTJjpJtJq65L_t', 'width': 1500}]",ChIJZUz2P2D9vi0RithumSx_rzM,4.1,"['lodging', 'point_of_interest', 'establishment']",9
"Jl. H. Bau No.7, Losari, Kec. Ujung Pandang, Kota Makassar, Sulawesi Selatan 90125, Indonesia","{'location': {'lat': -5.1483307, 'lng': 119.4106981}, 'viewport': {'northeast': {'lat': -5.147119270107278, 'lng': 119.4120535798927}, 'southwest': {'lat': -5.149818929892722, 'lng': 119.4093539201073}}}",Hotel Banua,"[{'height': 1968, 'html_attributions': ['<a href=""https://maps.google.com/maps/contrib/111259554705866563623"">Ekho Wawan</a>'], 'photo_reference': 'AUGGfZmjBt4KZ10_GOR5TWh38G2JX9lN-SbeDR5Subp9KH2oBibqrHDmJ3X7eTyGUVykLm35rD-3kvm6AP3m7u7OoppauYJfIRCfV2HFMbYmbVviLRXmJ1RHldwyYds2xZYSp0r2c4WLfneIziQVPEnWlgbOnj8kmJHLiCmw1W-EbPXntK8_', 'width': 3500}]",ChIJFel-QlEdvy0RD2rXJoMKd_w,3.5,"['lodging', 'point_of_interest', 'establishment']",44
"Jl. Abd. Kadir No.40, Balang Baru, Makassar, Kota Makassar, Sulawesi Selatan 90224, Indonesia","{'location': {'lat': -5.1838478, 'lng': 119.4148789}, 'viewport': {'northeast': {'lat': -5.182462370107278, 'lng': 119.4161554298927}, 'southwest': {'lat': -5.185162029892722, 'lng': 119.4134557701073}}}",Makassar Cottage (Resort Hotel),"[{'height': 426, 'html_attributions': ['<a href=""https://maps.google.com/maps/contrib/101884040799395956850"">Makassar Cottage (Resort Hotel)</a>'], 'photo_reference': 'AUGGfZnZqtA6Yfer0PolnguwWOIfPDN-9XKFwa3fyJsei2bOw2KZF7FxNaU1lTStzMM36kEsLqPF_UXwkNghp9l-_DCPzMedj7IYwD3ZOasU8AeVCE6TvD7LLg0Fh__3udeAGfpv-fdK1noSnKB-YdXGnjWnXar8W1aqmTAC2Ag5T1C6NMxz', 'width': 640}]",ChIJoTYnIYEdvy0RbXaU1V4moIE,3.9,"['lodging', 'point_of_interest', 'establishment']",61
"Jl. Toddopuli 7 No.7, Borong, Kec. Manggala, Kota Makassar, Sulawesi Selatan 90222, Indonesia","{'location': {'lat': -5.166191599999999, 'lng': 119.4541096}, 'viewport': {'northeast': {'lat': -5.164872370107276, 'lng': 119.4555431298927}, 'southwest': {'lat': -5.16757202989272, 'lng': 119.4528434701073}}}",Capital O 3380 Erin Int Hotel,"[{'height': 427, 'html_attributions': ['<a href=""https://maps.google.com/maps/contrib/112548317253188617292"">A Google User</a>'], 'photo_reference': 'AUGGfZnjlLBcEJuJxQH4Gs2Zdvv6ydOQQFaV3LqbBFeZKjV99U4VP071k8CNqEOcgvjoG0Y8FsCLgGemBbSpjpCRawG99Ck-MeDNcamwbgGgKt2umhTQ9eJptFu0-q-7ddwAgvQnS2Bo-Q4xylumOzPpU7mikUq59baoF2F8sEZx22UqiBt3', 'width': 640}]",ChIJh-Thn-Xivi0R350jZVu-sB4,4.1,"['lodging', 'point_of_interest', 'establishment']",101
"Jalan Perintis Kemerdekaan KM.18 No.12, Pai, Biring Kanaya, Pai, Kec. Biringkanaya, Kota Makassar, Sulawesi Selatan 90242, Indonesia","{'location': {'lat': -5.083679099999999, 'lng': 119.5201181}, 'viewport': {'northeast': {'lat': -5.082315970107278, 'lng': 119.5214744298927}, 'southwest': {'lat': -5.085015629892723, 'lng': 119.5187747701073}}}",Paramount Hotel,"[{'height': 3060, 'html_attributions': ['<a href=""https://maps.google.com/maps/contrib/110182785943509135030"">Akbar cakep</a>'], 'photo_reference': 'AUGGfZmVaRrrktLEpWBhi1rBZ1JPpk8vZnfenYoq6YZ-swZmbaEu-5h164-SX9f0ScaCvoGWXcCyjzobUOVTCSZFeizFJXEje-SfNFgD74Mmv-e0ko9XrcepU60snLfBJ42IUf5jmXZd3_VmfhqqG385sl8kH0k6mU4-ysbAUOu7unoFlhZD', 'width': 4080}]",ChIJScpu7H_7vi0RDYM-s8Y-Gd0,4.0,"['lodging', 'point_of_interest', 'establishment']",909
"Jl. Perintis Kemerdekaan No.KM.18, Pai, Kec. Biringkanaya, Kota Makassar, Sulawesi Selatan 90242, Indonesia","{'location': {'lat': -5.0836855, 'lng': 119.5201225}, 'viewport': {'northeast': {'lat': -5.082317270107278, 'lng': 119.5214784298927}, 'southwest': {'lat': -5.085016929892721, 'lng': 119.5187787701073}}}",Hotel Dekat Bandara Sultan Hasanuddin,"[{'height': 741, 'html_attributions': ['<a href=""https://maps.google.com/maps/contrib/114573043634618970372"">A Google User</a>'], 'photo_reference': 'AUGGfZklYT54cv5Hpc1JbSFUkbOIAXV1mGrF95u862vx8GU8c75dR89WkfcWhDpfujbP216qicuCyBfV1UMTiKQuOtlFOTrkBzFzfxi4BLgCjkz0O_P57rMnDuR36paSv65BXIC-Z9yRn_rhPGFqsZRv8nFdVh3N9GhpdrZxlfnDyvprsXUB', 'width': 1000}]",ChIJt5NOqYz7vi0RMaG4hciJVcg,4.8,"['lodging', 'point_of_interest', 'establishment']",9
"Jl. Barang Lompo No. 56, Ujung Tanah, Malimongan, Kec. Wajo, Kota Makassar, Sulawesi Selatan 90166, Indonesia","{'location': {'lat': -5.1204785, 'lng': 119.4141342}, 'viewport': {'northeast': {'lat': -5.119131720107277, 'lng': 119.4154429798927}, 'southwest': {'lat': -5.121831379892722, 'lng': 119.4127433201073}}}",OYO 92675 Hotel Rosna,"[{'height': 427, 'html_attributions': ['<a href=""https://maps.google.com/maps/contrib/104063886292549296445"">A Google User</a>'], 'photo_reference': 'AUGGfZkFsrZFpp9wGfYqCrPpQnnwTRrUTqaERTL2XJ2wW2uj94FT84nnSKQPA2Cvn2U1Vrg5CdBH0hdERlk4DOwjW5LI0kY8Yy0XPjjPTt4d4CB0Uh5RHJ_pOBJdIsUu_Har8500WFx-hdTmWhQs-j6GSQwzWZJD4RLTs46nLakOI0BZp8WP', 'width': 640}]",ChIJpzQ-kJ4Cvy0RERAh5O0OgbY,3.3,"['lodging', 'point_of_interest', 'establishment']",24
"Jl. Penghibur, Bulo Gading, Kec. Ujung Pandang, Kota Makassar, Sulawesi Selatan 90174, Indonesia","{'location': {'lat': -5.136761799999999, 'lng': 119.4053832}, 'viewport': {'northeast': {'lat': -5.135430870107278, 'lng': 119.4066585798927}, 'southwest': {'lat': -5.138130529892722, 'lng': 119.4039589201073}}}",Makassar Beach Inn,"[{'height': 4000, 'html_attributions': ['<a href=""https://maps.google.com/maps/contrib/114064229551280683757"">Taufik Hidayanto</a>'], 'photo_reference': 'AUGGfZkg05XUaGk1xZZ1ONqdfGfC3Q42sYayfOdS4t5qCukSiDYa9xDMkyGn-KDJU10uQ2eO4vzkvqYSyQAyinhXu_1aC7jWRcwbq8p4B3Jbq0ZO55B7PpcHiJLMVF_8U8dKQ72t7KIj8AgSm9Gk-u6XL9LMrHAZ7EEsGtxg1QoDYc0hncwu', 'width': 3000}]",ChIJg-HB-bECvy0RmPmuCvakueg,3.9,"['lodging', 'point_of_interest', 'establishment']",58
"KM 8, Tamalanrea, Tamalanrea Indah, Makassar, Makassar City, South Sulawesi 90245, Indonesia","{'location': {'lat': -5.143305, 'lng': 119.4745158}, 'viewport': {'northeast': {'lat': -5.141978720107279, 'lng': 119.4758304798927}, 'southwest': {'lat': -5.144678379892722, 'lng': 119.4731308201073}}}",NIDA Rooms Makassar Town Square at Adipura Hotel,,ChIJkePEwS3jvi0RNTOSSMlg8kI,0.0,"['lodging', 'point_of_interest', 'establishment']",0
"Jl. Poros Makassar - Maros No.6, Mamajang Luar, Kec. Mamajang, Kota Makassar, Sulawesi Selatan 90552, Indonesia","{'location': {'lat': -5.1550078, 'lng': 119.4186631}, 'viewport': {'northeast': {'lat': -5.153604670107278, 'lng': 119.4200177298927}, 'southwest': {'lat': -5.156304329892722, 'lng': 119.4173180701072}}}",SUPER OYO 2703 Hotel Transit 1,"[{'height': 480, 'html_attributions': ['<a href=""https://maps.google.com/maps/contrib/101091459929102344746"">A Google User</a>'], 'photo_reference': 'AUGGfZkqOm9S_pYoO31NiWddaWhdDmFi1BEQnwcCo5gp3vIkNYMgNA2nsGMbt-2ygcF4kq1TGwoU1INuOOpLloRf4BwGrCqk7ZsPAPryc-RExEcGlyHlVCzyujdARBlwNK2JPUx18thIKhFXMXumyZyg9IvjW2uohC-BODkkH2EyKsSSTmGm', 'width': 640}]",ChIJtwwO25Xivi0RwC08W1e8YjQ,0.0,"['lodging', 'point_of_interest', 'establishment']",0
"Jl. Nusantara No.128, Pattunuang, Kec. Wajo, Kota Makassar, Sulawesi Selatan 90174, Indonesia","{'location': {'lat': -5.128191999999999, 'lng': 119.4077989}, 'viewport': {'northeast': {'lat': -5.126812520107277, 'lng': 119.4090994298927}, 'southwest': {'lat': -5.12951217989272, 'lng': 119.4063997701073}}}",Ocean View Hotel Makassar RedPartner,"[{'height': 2322, 'html_attributions': ['<a href=""https://maps.google.com/maps/contrib/106108849110515526745"">Rusadi Sadi</a>'], 'photo_reference': 'AUGGfZlFBvWEqWT8n-hvEuGdV_sBJYVylIqViqFTsO8OQvekXtUh_joK9rxAOVsr37fHcXSJN69OU9wo1TzBd09-9tuvjZC0qOxbHMDuuYKXzMcufwWhw5NtgKxzXtS2qzICQ93JPkiverWE1679fqzix-nuHiaw4JoM52uUJrg8rjtioxI8', 'width': 4128}]",ChIJI1khObXtaS4Rjlx1eATivlw,3.9,"['lodging', 'point_of_interest', 'establishment']",64
"Jl. Poros Makassar - Maros No.22, Marumpa, Kec. Marusu, Kabupaten Maros, Sulawesi Selatan 90552, Indonesia","{'location': {'lat': -5.0550054, 'lng': 119.5396499}, 'viewport': {'northeast': {'lat': -5.053766220107278, 'lng': 119.5410373798928}, 'southwest': {'lat': -5.056465879892722, 'lng': 119.5383377201073}}}",OYO 90529 Hotel Baruga Makassar,"[{'height': 427, 'html_attributions': ['<a href=""https://maps.google.com/maps/contrib/112332954175550289830"">A Google User</a>'], 'photo_reference': 'AUGGfZlcmOQ66t3-WDyDZ6PeJ4Cxh1Q15qmlBMAMSbSBT4g8x_hzj81rRmiFq-klB-EStAl-usLNz2jdJleZE23_a-2et25Tgf45OrYnwr2rY6_57CMZ5o5k2mBamzUH86pr3c2-cvD_EfeDfbye5pTsYtsqqlBPZYoCCJ8II6lqCbi3V6qT', 'width': 640}]",ChIJhSDp8OP_PwUR_yaMesekDz0,3.5,"['lodging', 'point_of_interest', 'establishment']",133
"Jl. Poros Makassar - Maros No.KM, RW.21, Marumpa, Kec. Mandai, Kabupaten Maros, Sulawesi Selatan 90552, Indonesia","{'location': {'lat': -5.0573309, 'lng': 119.536002}, 'viewport': {'northeast': {'lat': -5.055974720107278, 'lng': 119.5373483298928}, 'southwest': {'lat': -5.058674379892722, 'lng': 119.5346486701073}}}",Hotel Transit 1 Makassar RedPartner,"[{'height': 1000, 'html_attributions': ['<a href=""https://maps.google.com/maps/contrib/107345363888963165862"">A Google User</a>'], 'photo_reference': 'AUGGfZlMT9zIPP0r2Qw8HNHRICMstkeGmNxznD5jqM8uYODM_nhfZFx6z3OLSHyAnluiQ3CcOBOOuv7W5-qHWS1mmwJW9C80fF72Y1R9iMrCN-gIEJzbPjIyn-hSwtBWy4x6kpYnPKdFtXLXIlhwA1jKK-FHcVjfEJkkUebUlmGHKn9H5P2o', 'width': 1500}]",ChIJ48lkbI75vi0RtUaTPN_JTv4,4.1,"['lodging', 'point_of_interest', 'establishment']",154
"Jl. G. Bawakaraeng No.121, Tompo Balang, Kec. Bontoala, Kota Makassar, Sulawesi Selatan 90156, Indonesia","{'location': {'lat': -5.1346644, 'lng': 119.4261363}, 'viewport': {'northeast': {'lat': -5.133321370107278, 'lng': 119.4275383798927}, 'southwest': {'lat': -5.136021029892722, 'lng': 119.4248387201073}}}",ZEN Rooms G Bawakaraeng 121,"[{'height': 1440, 'html_attributions': ['<a href=""https://maps.google.com/maps/contrib/101021032130193007580"">A Google User</a>'], 'photo_reference': 'AUGGfZl_KLqQV2gQuAX2fml0OYqlWaDi3x2fT2unBqHNmLxvGwWuTrqkwpr8JF5nCiFaLMaKgM9XPJnvgzEHbT6qSWHRfMYU_jgziyiGWqrHEj2EfYkOWI7cjeAdjWKUdfBjiCPjLPg7dhY_--L6wRo8Zcd41fw0IBqRQljeqcuOynP7MlM3', 'width': 2560}]",ChIJ4wlV91D9vi0R9LVZktICl_Y,4.0,"['lodging', 'point_of_interest', 'establishment']",6
"Jl. Gunung Latimojong No.43, Gaddong, Kec. Bontoala, Kota Makassar, Sulawesi Selatan 90157, Indonesia","{'location': {'lat': -5.1347232, 'lng': 119.4199771}, 'viewport': {'northeast': {'lat': -5.133379020107278, 'lng': 119.4212935798927}, 'southwest': {'lat': -5.136078679892722, 'lng': 119.4185939201073}}}",RedDoorz Plus @ Grand Pacifik Hotel Makassar,"[{'height': 4224, 'html_attributions': ['<a href=""https://maps.google.com/maps/contrib/113307445057970672577"">Jaka Satria Perwana</a>'], 'photo_reference': 'AUGGfZmTRwPDwcdkbK1wsN_abpqAenTvoCSOvA3NzWTzwn4998cDUvxX7R1_vJEgspMM8hopT7zXmKdvXhYzdmyWJhOytTdFSfciwenQA7i2L2sOLRS9zNy8rtIoI_kCmcfxD4LibjhkQcEF3pSHCZgccDnZfAyDA2gL_FesqJ5N8b6JjweR', 'width': 3168}]",ChIJ3XI5u1f9vi0R2anp5Nc0tOU,3.8,"['lodging', 'point_of_interest', 'establishment']",21
"Jl. Sulawesi No.30, Pattunuang, Kec. Makassar, Kota Makassar, Sulawesi Selatan 90174, Indonesia","{'location': {'lat': -5.1311205, 'lng': 119.4066696}, 'viewport': {'northeast': {'lat': -5.129739620107277, 'lng': 119.4079791298927}, 'southwest': {'lat': -5.132439279892721, 'lng': 119.4052794701073}}}",NIDA Rooms Makassar Sulawesi at Grand Popular Hotel,,ChIJD2kB0qQCvy0Rn_SPjnrfE_U,5.0,"['lodging', 'point_of_interest', 'establishment']",2
"I Jl. Karantina No.2, Sinrijala, Kec. Panakkukang, Kota Makassar, Sulawesi Selatan 90232, Indonesia","{'location': {'lat': -5.1378169, 'lng': 119.4338817}, 'viewport': {'northeast': {'lat': -5.136458570107278, 'lng': 119.4352750298927}, 'southwest': {'lat': -5.139158229892722, 'lng': 119.4325753701073}}}",OYO 2293 Lulu Homestay,"[{'height': 480, 'html_attributions': ['<a href=""https://maps.google.com/maps/contrib/101400422679430876566"">A Google User</a>'], 'photo_reference': 'AUGGfZnjNUAadOdxBzciWMU217wTCjN-ZiStSKNm-bc3Hcbi4lLnAzATA8GT0FaXb8vl3KM9PPZh5Ga96xmuOcJJL8C-Lm1KWJaw64gLiF03tf9xvGdGjsr5snu9T57DTWyZqSzD5bxeVM4hCFcGtq1shIG0S3BGcOOsGE4U8OhJiBpGdi-U', 'width': 640}]",ChIJtTj9Nsr9vi0RvjNnPW3glRs,2.8,"['lodging', 'point_of_interest', 'establishment']",12
"Jl. Bumi Tamalanrea Permai Jl. Buntusu No.90241, Tamalanrea, Kec. Tamalanrea, Kota Makassar, Sulawesi Selatan 90242, Indonesia","{'location': {'lat': -5.1381473, 'lng': 119.5103814}, 'viewport': {'northeast': {'lat': -5.136796270107279, 'lng': 119.5117013298927}, 'southwest': {'lat': -5.139495929892723, 'lng': 119.5090016701073}}}",OYO 91894 Malebbi Homestay Makassar,"[{'height': 3024, 'html_attributions': ['<a href=""https://maps.google.com/maps/contrib/117689861604504379438"">A Google User</a>'], 'photo_reference': 'AUGGfZmWOHlLROw9lx7P7ObiCYyAnKqIS3EM95lw8xMFtUvLSZ3u1HkxowWdPHSCKJ5Gl5n1dDH-D5R6Bpj2khertgjlk_w59NInA7_uGNjlC-LOsz-5RPa6XQpX-FWleZPjZs4UBXWM3YEl4-IaL64jfVN7ojmbB0i53sYt9vIlELNeqV-_', 'width': 4032}]",ChIJV-VFx0bjvi0R4ueBlz41hMs,1.0,"['lodging', 'point_of_interest', 'establishment']",2
"Jl. Letjen Hertasning No.38, Tidung, Kec. Rappocini, Kota Makassar, Sulawesi Selatan 90222, Indonesia","{'location': {'lat': -5.164094899999999, 'lng': 119.4438899}, 'viewport': {'northeast': {'lat': -5.162702520107278, 'lng': 119.4452683298927}, 'southwest': {'lat': -5.165402179892722, 'lng': 119.4425686701072}}}",OYO 824 Makassar Guest House,"[{'height': 427, 'html_attributions': ['<a href=""https://maps.google.com/maps/contrib/103308906198251997438"">A Google User</a>'], 'photo_reference': 'AUGGfZmEDWA3P43NnFuhXg_G0U9pjkPQiR55UmXffU5rBoyBaEGqTY7DsVz2weOivvS-1DNmFvSkoBavHMC3Wb0RYChwTdfpnpEOtYPbFQlBtoOXSigb4MFrCFwFhs3AQHYjYYcfpOqUXuwwv1wEcs1d6cyvbFarxSKMl9ym_3A_1TKJZeig', 'width': 759}]",ChIJA8s-Z-7ivi0Rti3ZFnHklnc,3.7,"['lodging', 'point_of_interest', 'establishment']",272
"Jl. Ince Nurdin No.2, Sawerigading, Kec. Ujung Pandang, Kota Makassar, Sulawesi Selatan 90115, Indonesia","{'location': {'lat': -5.1386974, 'lng': 119.4123124}, 'viewport': {'northeast': {'lat': -5.137425820107278, 'lng': 119.4132007798927}, 'southwest': {'lat': -5.140125479892722, 'lng': 119.4105011201073}}}",,"[{'height': 427, 'html_attributions': ['<a href=""https://maps.google.com/maps/contrib/104112909637866670795"">A Google User</a>'], 'photo_reference': 'AUGGfZnWXQ76lNmFY10-_EIUxiNuFRAV46PatXA0M2SkQ4-fv4XlKKVOrwz76sAIReISHpDe1Fu7W-tlid7gI-zSQD8I5i95SMz8o4NQAVkSjvZ3Bf9SWmRUQ7E5X1tVlzO2hEgWg1267MHL8gLa9PO7nYc2Vp6rMvPcnbzFEuL58tEe-mo7', 'width': 640}]",ChIJi8kFcu0Dvy0RET2Peh9FRi8,3.1,"['lodging', 'point_of_interest', 'establishment']",18
"WGJG+HM5, Jl. Poros Bandara Sultan Hassanudin, Sudiang, Kec. Biringkanaya, Kota Makassar, Sulawesi Selatan 90552, Indonesia","{'location': {'lat': -5.0686133, 'lng': 119.5267204}, 'viewport': {'northeast': {'lat': -5.067210520107277, 'lng': 119.5280917298927}, 'southwest': {'lat': -5.069910179892721, 'lng': 119.5253920701073}}}",Airy Eco Bandara Sultan Hasanuddin Makassar,"[{'height': 1000, 'html_attributions': ['<a href=""https://maps.google.com/maps/contrib/116210567220801531832"">A Google User</a>'], 'photo_reference': 'AUGGfZkQzxZ0tk2DxdivPHLPykpkUMXjdUX4J-xBYDgbVt9X3CM9X4GbKtadU49jvNdZ9S1jvx8os9lT8I9X4JahNvzqeXHGOmULs5yuW7JMuZb9oE9Vp0KlT_klNQZ0pSZTf9WZDoO8A2hFqpgq2L7FsSZKdNF82e0amx0dF9XJgzXq548N', 'width': 1500}]",ChIJwXdQLzL7vi0REiqEKct_cn0,3.7,"['lodging', 'point_of_interest', 'establishment']",34
